1	0	84	100
2	0	1	20
3	0	41	44
4	0	67	75
5	0	12	16
6	0	67	75
7	0	51	55
8	0	1	11
9	0	89	100
10	0	67	75
11	0	21	25
12	0	51	55
13	0	1	11
14	0	89	100
15	0	51	55
16	0	61	66
17	0	56	60
18	0	26	33
19	0	84	100
20	0	67	75
21	0	12	16
22	0	1	11
23	0	84	100
24	0	34	40
25	0	21	33
26	0	56	60
27	0	84	88
28	0	12	16
29	0	67	75
30	0	26	33
31	0	61	66
32	0	41	44
33	0	45	50
34	0	56	60
35	0	1	11
36	0	78	80
37	0	67	75
38	0	23	33
39	0	67	75
40	0	21	22
41	0	1	11
42	0	45	50
43	0	61	66
44	0	84	88
45	0	51	55
46	0	89	100
47	0	81	83
48	0	23	33
49	0	84	88
50	0	23	33
51	0	67	75
52	0	1	100
53	0	1	16
54	0	1	100
55	0	1	100
56	0	1	100
57	0	34	66
58	0	61	66
59	0	1	100
60	0	61	66
61	0	1	25
62	0	34	40
63	0	1	33
64	0	76	80
65	0	1	11
66	0	84	100
67	0	61	66
68	0	84	100
69	0	21	25
70	0	1	16
71	0	67	100
72	0	1	16
73	0	1	16
74	0	34	40
75	0	76	77
76	0	81	100
77	0	41	50
78	0	81	83
79	0	1	100
80	0	1	100
81	0	1	100
82	0	1	100
83	0	1	100
84	0	1	20
85	0	67	80
86	0	1	20
87	0	1	16
88	0	1	16
89	0	21	33
90	0	51	55
91	0	26	33
92	0	1	16
93	0	1	16
94	0	51	55
95	0	67	100
96	0	17	25
97	0	67	100
98	0	1	100
99	0	1	25
100	0	1	100
101	0	1	20
102	0	34	66
103	0	1	25
104	0	34	50
105	0	26	33
106	0	1	16
107	0	51	66
108	0	67	83
109	0	81	83
110	0	1	16
111	0	41	50
112	0	21	33
113	0	17	20
114	0	1	20
115	0	67	100
116	0	1	20
117	0	61	66
118	0	1	100
119	0	41	60
120	0	17	20
121	0	1	16
122	0	81	100
123	0	81	100
124	0	41	50
125	0	1	16
126	0	1	16
127	0	17	20
128	0	1	100
129	0	21	33
130	0	1	100
131	0	34	40
132	0	21	33
133	0	1	20
134	0	1	20
135	0	51	66
136	0	89	100
137	0	34	66
138	0	34	50
139	0	41	60
140	0	51	66
141	0	1	100
142	0	34	40
143	0	81	100
144	0	41	50
145	0	1	16
146	0	26	33
147	0	1	16
148	0	23	33
149	0	21	33
150	0	41	50
151	0	34	40
152	0	81	88
153	0	67	100
154	0	1	11
155	0	34	40
156	0	76	100
157	0	1	33
158	0	34	66
159	0	1	100
160	0	51	66
161	0	34	66
162	0	1	33
163	0	1	33
164	0	1	100
165	0	1	33
166	0	26	33
167	0	21	25
168	0	34	40
169	0	76	80
170	0	84	100
171	0	61	66
172	0	1	16
173	0	1	100
174	0	1	100
175	0	51	66
176	0	1	20
177	0	34	40
178	0	51	55
179	0	1	20
180	0	1	20
181	0	26	33
182	0	51	60
183	0	1	20
184	0	26	33
185	0	26	33
186	0	34	40
187	0	26	33
188	0	1	20
189	0	84	100
190	0	1	20
191	0	67	80
192	0	34	40
193	0	1	100
194	0	1	16
195	0	21	25
196	0	21	33
197	0	84	100
198	0	17	20
199	0	84	100
200	0	41	60
201	0	17	20
202	0	1	16
203	0	1	100
204	0	1	100
205	0	41	60
206	0	1	100
207	0	21	33
208	0	67	80
209	0	1	33
210	0	67	80
211	0	61	66
212	0	51	60
213	0	84	100
214	0	84	100
215	0	81	100
216	0	84	100
217	0	67	100
218	0	67	75
219	0	51	60
220	0	84	100
221	0	41	50
222	0	21	33
223	0	67	75
224	0	41	50
225	0	81	100
226	0	61	66
227	0	51	60
228	0	51	60
229	0	61	66
230	0	34	40
231	0	45	50
232	0	84	100
233	0	34	40
234	0	34	50
235	0	61	66
236	0	51	60
237	0	76	80
238	0	21	25
239	0	1	16
240	0	21	25
241	0	76	80
242	0	34	50
243	0	1	20
244	0	81	100
245	0	81	100
246	0	67	75
247	0	1	100
248	0	1	100
249	0	26	33
250	0	51	60
251	0	41	50
252	0	51	60
253	0	51	60
254	0	51	60
255	0	26	33
256	0	1	100
257	0	61	66
258	0	21	25
259	0	61	66
260	0	67	75
261	0	76	80
262	0	51	60
263	0	81	100
264	0	34	40
265	0	1	20
266	0	21	25
267	0	26	33
268	0	51	60
269	0	34	40
270	0	1	20
271	0	61	66
272	0	67	75
273	0	1	20
274	0	21	25
275	0	61	66
276	0	21	25
277	0	1	100
278	0	1	20
279	0	1	20
280	0	1	20
281	0	34	40
282	0	41	50
283	0	1	20
284	0	26	33
285	0	1	20
286	0	26	33
287	0	51	60
288	0	41	50
289	0	21	25
290	0	1	20
291	0	61	66
292	0	67	75
293	0	51	60
294	0	51	60
295	0	1	20
296	0	1	20
297	0	51	60
298	0	76	80
299	0	67	75
300	0	34	40
301	0	34	40
302	0	1	20
303	0	51	60
304	0	1	100
305	0	1	100
306	0	21	25
307	0	61	66
308	0	1	100
309	0	1	20
310	0	41	50
311	0	1	25
312	0	41	60
313	0	67	75
314	0	26	33
315	0	26	33
316	0	1	20
317	0	81	100
318	0	41	50
319	0	34	40
320	0	26	33
321	0	61	66
322	0	1	20
323	0	76	80
324	0	41	50
325	0	81	100
326	0	1	20
327	0	1	20
328	0	26	33
329	0	81	100
330	0	26	33
331	0	81	100
332	0	51	60
333	0	76	80
334	0	1	20
335	0	67	75
336	0	81	100
337	0	1	20
338	0	26	33
339	0	34	50
340	0	41	50
341	0	76	100
342	0	76	100
343	0	51	60
344	0	51	66
345	0	1	25
346	0	76	100
347	0	67	75
348	0	1	100
349	0	1	100
350	0	26	33
351	0	51	66
352	0	76	100
353	0	1	100
354	0	41	50
355	0	67	75
356	0	61	66
357	0	41	50
358	0	1	20
359	0	76	80
360	0	67	75
361	0	41	50
362	0	21	25
363	0	1	16
364	0	81	100
365	0	84	100
366	0	67	75
367	0	51	66
368	0	1	20
369	0	1	100
370	0	67	75
371	0	34	50
372	0	17	20
373	0	81	100
374	0	81	100
375	0	84	100
376	0	1	20
377	0	41	50
378	0	76	80
379	0	67	75
380	0	26	33
381	0	81	100
382	0	81	100
383	0	34	40
384	0	34	40
385	0	1	100
386	0	1	100
387	0	34	40
388	0	1	100
389	0	17	20
390	0	41	50
391	0	21	25
392	0	76	80
393	0	51	60
394	0	41	50
395	0	34	50
396	0	1	25
397	0	76	100
398	0	26	33
399	0	51	60
400	0	81	100
401	0	84	100
402	0	67	75
403	0	1	100
404	0	41	50
405	0	1	100
406	0	81	100
407	0	1	100
408	0	51	60
409	0	81	100
410	0	81	100
411	0	81	100
412	0	51	60
413	0	81	100
414	0	1	20
415	0	26	33
416	0	51	60
417	0	34	40
418	0	81	100
419	0	81	100
420	0	1	20
421	0	1	20
422	0	61	66
423	0	67	75
424	0	1	100
425	0	26	33
426	0	41	50
427	0	84	100
428	0	1	20
429	0	51	60
430	0	21	25
431	0	41	50
432	0	76	80
433	0	81	100
434	0	21	25
435	0	1	16
436	0	26	33
437	0	41	50
438	0	1	100
439	0	1	100
440	0	1	100
441	0	81	100
442	0	81	100
443	0	61	66
444	0	51	60
445	0	76	80
446	0	26	33
447	0	1	100
448	0	34	40
449	0	81	100
450	0	1	100
451	0	1	20
452	0	34	40
453	0	81	100
454	0	26	33
455	0	76	80
456	0	1	16
457	0	34	40
458	0	41	50
459	0	67	75
460	0	1	20
461	0	41	50
462	0	26	33
463	0	21	33
464	0	81	100
465	0	61	66
466	0	81	100
467	0	1	25
468	0	1	25
469	0	76	100
470	0	76	100
471	0	76	100
472	0	51	66
473	0	51	66
474	0	26	33
475	0	1	25
476	0	1	25
477	0	51	66
478	0	1	25
479	0	1	33
480	0	34	66
481	0	81	100
482	0	67	100
483	0	76	100
484	0	61	66
485	0	81	100
486	0	67	75
487	0	41	50
488	0	1	20
489	0	67	75
490	0	26	33
491	0	1	20
492	0	81	100
493	0	41	50
494	0	51	66
495	0	1	20
496	0	1	20
497	0	81	100
498	0	34	40
499	0	81	100
500	0	21	25
501	0	1	20
502	0	1	20
503	0	81	100
504	0	21	25
505	0	81	100
506	0	81	100
507	0	61	66
508	0	41	50
509	0	41	60
510	0	41	50
511	0	26	33
512	0	67	75
513	0	76	80
514	0	1	20
515	0	1	20
516	0	26	33
517	0	1	20
518	0	67	75
519	0	41	60
520	0	81	100
521	0	1	20
522	0	34	40
523	0	1	100
524	0	1	20
525	0	51	60
526	0	51	60
527	0	1	20
528	0	76	100
529	0	61	66
530	0	81	100
531	0	26	33
532	0	81	100
533	0	1	20
534	0	81	100
535	0	61	66
536	0	1	20
537	0	81	100
538	0	1	20
539	0	34	40
540	0	67	75
541	0	51	60
542	0	1	20
543	0	1	100
544	0	81	100
545	0	1	100
546	0	1	20
547	0	81	100
548	0	81	100
549	0	1	20
550	0	34	40
551	0	34	50
552	0	1	20
553	0	81	100
554	0	34	40
555	0	61	66
556	0	1	33
557	0	1	20
558	0	1	20
559	0	67	80
560	0	81	100
561	0	1	20
562	0	1	20
563	0	1	20
564	0	1	20
565	0	81	100
566	0	51	60
567	0	34	40
568	0	51	60
569	0	1	20
570	0	81	100
571	0	81	100
572	0	51	60
573	0	81	100
574	0	26	40
575	0	81	100
576	0	61	66
577	0	26	40
578	0	1	20
579	0	34	50
580	0	1	25
581	0	1	25
582	0	51	75
583	0	51	75
584	0	41	50
585	0	1	25
586	0	51	75
587	0	51	75
588	0	1	25
589	0	76	100
590	0	26	50
591	0	1	100
592	0	1	100
593	0	1	100
594	0	1	25
595	0	26	50
596	0	34	50
597	0	34	50
598	0	51	75
599	0	1	100
600	0	1	100
601	0	26	50
602	0	1	100
603	0	1	100
604	0	26	50
605	0	51	75
606	0	76	100
607	0	76	100
608	0	26	50
609	0	26	50
610	0	76	100
611	0	26	50
612	0	1	16
613	0	34	50
614	0	1	16
615	0	51	66
616	0	1	100
617	0	21	40
618	0	1	100
619	0	34	66
620	0	1	20
621	0	41	60
622	0	41	60
623	0	41	60
624	0	34	40
625	0	1	20
626	0	21	40
627	0	1	100
628	0	51	75
629	0	81	100
630	0	1	100
631	0	81	100
632	0	17	25
633	0	67	75
634	0	26	33
635	0	1	16
636	0	76	80
637	0	1	100
638	0	41	60
639	0	1	100
640	0	1	100
641	0	1	20
642	0	61	80
643	0	61	80
644	0	81	100
645	0	21	33
646	0	1	20
647	0	61	80
648	0	41	60
649	0	1	20
650	0	81	100
651	0	41	60
652	0	1	20
653	0	76	80
654	0	1	20
655	0	67	100
656	0	1	25
657	0	67	75
658	0	1	25
659	0	1	25
660	0	51	66
661	0	67	75
662	0	34	50
663	0	76	100
664	0	34	50
665	0	34	66
666	0	67	100
667	0	26	33
668	0	76	83
669	0	26	33
670	0	84	100
671	0	51	66
672	0	67	75
673	0	34	50
674	0	34	50
675	0	26	33
676	0	76	100
677	0	51	66
678	0	67	75
679	0	26	33
680	0	1	25
681	0	51	66
682	0	1	25
683	0	34	50
684	0	34	50
685	0	1	25
686	0	1	25
687	0	76	100
688	0	1	25
689	0	76	100
690	0	26	33
691	0	1	25
692	0	67	75
693	0	51	66
694	0	1	25
695	0	26	33
696	0	26	33
697	0	1	20
698	0	76	80
699	0	76	80
700	0	67	75
701	0	1	25
702	0	17	33
703	0	76	83
704	0	1	16
705	0	26	33
706	0	26	33
707	0	1	25
708	0	76	100
709	0	76	100
710	0	34	66
711	0	67	75
712	0	1	25
713	0	26	33
714	0	76	100
715	0	81	100
716	0	51	66
717	0	1	25
718	0	76	100
719	0	67	100
720	0	67	100
721	0	1	33
722	0	67	100
723	0	1	33
724	0	67	100
725	0	67	100
726	0	67	100
727	0	1	33
728	0	34	66
729	0	81	100
730	0	21	33
731	0	1	20
732	0	1	20
733	0	41	60
734	0	41	60
735	0	1	20
736	0	81	100
737	0	61	66
738	0	81	100
739	0	1	20
740	0	61	66
741	0	34	40
742	0	41	50
743	0	51	60
744	0	51	60
745	0	81	100
746	0	67	80
747	0	81	100
748	0	51	60
749	0	26	40
750	0	61	75
751	0	81	100
752	0	61	75
753	0	21	25
754	0	41	50
755	0	1	20
756	0	1	20
757	0	61	80
758	0	61	75
759	0	81	100
760	0	26	33
761	0	76	80
762	0	51	60
763	0	81	100
764	0	1	20
765	0	51	60
766	0	21	25
767	0	1	25
768	0	67	100
769	0	34	50
770	0	1	100
771	0	26	33
772	0	41	50
773	0	41	50
774	0	51	60
775	0	76	80
776	0	67	75
777	0	1	25
778	0	1	25
779	0	76	80
780	0	21	33
781	0	1	33
782	0	1	33
783	0	21	33
784	0	67	100
785	0	21	33
786	0	1	33
787	0	34	66
788	0	34	66
789	0	34	66
790	0	34	66
791	0	1	100
792	0	1	100
793	0	1	100
794	0	26	33
795	0	1	100
796	0	41	60
797	0	67	80
798	0	41	60
799	0	41	60
800	0	67	80
801	0	1	20
802	0	1	33
803	0	67	100
804	0	67	100
805	0	67	100
806	0	67	100
807	0	67	100
808	0	67	100
809	0	1	33
810	0	1	100
811	0	61	66
812	0	1	100
813	0	67	100
814	0	1	33
815	0	67	80
816	0	81	100
817	0	41	60
818	0	34	66
819	0	21	33
820	0	21	40
821	0	1	20
822	0	41	60
823	0	1	100
824	0	1	100
825	0	1	100
826	0	1	33
827	0	1	33
828	0	1	33
829	0	1	100
830	0	1	100
831	0	1	100
832	0	1	100
833	0	1	100
834	0	51	75
835	0	26	50
836	0	51	75
837	0	1	100
838	0	1	33
839	0	1	33
840	0	34	66
841	0	1	100
842	0	67	80
843	0	1	100
844	0	34	40
845	0	41	60
846	0	1	20
847	0	41	60
848	0	1	20
849	0	41	60
850	0	61	66
851	0	61	80
852	0	21	40
853	0	41	60
854	0	1	20
855	0	1	20
856	0	1	20
857	0	41	60
858	0	67	80
859	0	41	60
860	0	81	100
861	0	67	100
862	0	1	33
863	0	1	33
864	0	67	100
865	0	1	33
866	0	34	50
867	0	76	100
868	0	76	100
869	0	1	25
870	0	51	66
871	0	76	100
872	0	51	66
873	0	76	100
874	0	76	100
875	0	1	25
876	0	26	33
877	0	34	50
878	0	34	66
879	0	76	100
880	0	34	50
881	0	76	100
882	0	51	66
883	0	26	33
884	0	51	66
885	0	1	25
886	0	76	100
887	0	67	75
888	0	1	25
889	0	26	33
890	0	26	33
891	0	1	25
892	0	1	25
893	0	1	25
894	0	1	25
895	0	34	50
896	0	67	100
897	0	1	33
898	0	67	80
899	0	34	66
900	0	1	20
901	0	34	66
902	0	81	100
903	0	34	66
904	0	1	20
905	0	21	33
906	0	61	66
907	0	34	40
908	0	21	33
909	0	1	20
910	0	41	60
911	0	41	60
912	0	81	100
913	0	1	20
914	0	1	20
915	0	41	60
916	0	81	100
917	0	1	33
918	0	67	100
919	0	67	100
920	0	67	100
921	0	34	66
922	0	67	100
923	0	67	100
924	0	1	33
925	0	67	100
926	0	1	33
927	0	67	100
928	0	67	100
929	0	34	66
930	0	67	100
931	0	34	66
932	0	34	66
933	0	1	33
934	0	67	100
935	0	34	66
936	0	67	100
937	0	67	100
938	0	1	33
939	0	34	66
940	0	1	33
941	0	67	100
942	0	34	66
943	0	34	66
944	0	34	66
945	0	1	33
946	0	34	66
947	0	1	33
948	0	1	100
949	0	67	100
950	0	1	100
951	0	1	100
952	0	1	100
953	0	1	100
954	0	1	100
955	0	1	100
956	0	1	100
957	0	1	100
958	0	1	100
959	0	1	100
960	0	1	100
961	0	1	100
962	0	1	100
963	0	1	100
964	0	1	100
965	0	1	100
966	0	1	100
967	0	1	100
968	0	1	100
969	0	1	100
970	0	1	100
971	0	1	100
972	0	1	100
973	0	1	100
974	0	51	66
975	0	1	100
976	0	1	100
977	0	1	100
978	0	1	100
979	0	1	100
980	0	1	100
981	0	1	100
982	0	34	50
983	0	1	100
984	0	34	50
985	0	1	100
986	0	1	100
987	0	1	100
988	0	1	100
989	0	1	100
990	0	1	100
991	0	1	100
992	0	1	100
993	0	1	100
994	0	1	100
995	0	1	100
996	0	78	88
997	0	78	88
998	0	23	33
999	0	1	11
1000	0	67	77
1001	0	45	50
1002	0	34	50
1003	0	1	16
1004	0	61	66
1005	0	1	100
1006	0	1	100
1007	0	1	100
1008	0	1	100
1009	0	1	100
1010	0	67	83
1011	0	1	100
1012	0	1	100
1013	0	1	100
1014	0	1	16
1015	0	1	100
1016	0	67	83
1017	0	21	33
1018	0	61	66
1019	0	67	80
1020	0	67	75
1021	0	84	100
1022	0	67	80
1023	0	41	44
1024	0	1	16
1025	0	34	40
1026	0	41	50
1027	0	67	80
1028	0	21	33
1029	0	21	33
1030	0	34	40
1031	0	21	33
1032	0	84	100
1033	0	34	40
1034	0	34	40
1035	0	1	16
1036	0	34	40
1037	0	67	80
1038	0	84	100
1039	0	1	16
1040	0	56	60
1041	0	51	60
1042	0	61	66
1043	0	81	83
1044	0	34	40
1045	0	81	100
1046	0	67	80
1047	0	67	80
1048	0	1	16
1049	0	41	50
1050	0	17	20
1051	0	84	100
1052	0	67	75
1053	0	1	16
1054	0	61	66
1055	0	41	50
1056	0	76	80
1057	0	84	100
1058	0	67	80
1059	0	84	100
1060	0	1	100
1061	0	51	66
1062	0	56	66
1063	0	84	100
1064	0	67	83
1065	0	56	66
1066	0	1	100
1067	0	1	100
1068	0	1	100
1069	0	1	100
1070	0	1	100
1071	0	1	100
1072	0	1	100
1073	0	1	100
1074	0	1	100
1075	0	1	100
1076	0	1	100
1077	0	1	100
1078	0	1	100
1079	0	1	100
1080	0	1	100
1081	0	1	100
1082	0	1	100
1083	0	41	60
1084	0	81	100
1085	0	1	20
1086	0	81	100
1087	0	61	80
1088	0	41	60
1089	0	41	60
1090	0	1	20
1091	0	21	40
1092	0	81	100
1093	0	1	100
1094	0	41	50
1095	0	1	16
1096	0	84	100
1097	0	1	16
1098	0	84	100
1099	0	67	75
1100	0	17	20
1101	0	1	16
1102	0	84	100
1103	0	67	80
1104	0	1	20
1105	0	17	20
1106	0	26	33
1107	0	67	80
1108	0	51	60
1109	0	17	20
1110	0	1	16
1111	0	1	16
1112	0	84	100
1113	0	21	25
1114	0	84	100
1115	0	51	60
1116	0	76	80
1117	0	76	80
1118	0	61	66
1119	0	1	20
1120	0	41	60
1121	0	1	20
1122	0	34	66
1123	0	1	100
1124	0	34	66
1125	0	1	100
1126	0	1	33
1127	0	1	100
1128	0	34	66
1129	0	1	33
1130	0	67	100
1131	0	1	33
1132	0	1	33
1133	0	1	100
1134	0	1	33
1135	0	34	66
1136	0	34	66
1137	0	34	66
1138	0	1	100
1139	0	1	100
1140	0	1	100
1141	0	1	100
1142	0	1	100
1143	0	1	100
1144	0	1	100
1145	0	1	100
1146	0	1	100
1147	0	1	100
1148	0	1	100
1149	0	1	100
1150	0	1	100
1151	0	1	100
1152	0	1	100
1153	0	1	100
1154	0	1	100
1155	0	1	100
1156	0	1	100
1157	0	1	100
1158	0	1	100
1159	0	1	100
1160	0	1	100
1161	0	1	100
1162	0	1	100
1163	0	1	100
1164	0	1	100
1165	0	1	100
1166	0	1	100
1167	0	1	100
1168	0	1	100
1169	0	1	100
1170	0	1	100
1171	0	1	100
1172	0	1	100
1173	0	1	100
1174	0	1	100
1175	0	1	100
1176	0	1	100
1177	0	1	100
1178	0	1	100
1179	0	1	100
1180	0	1	100
1181	0	1	100
1182	0	1	100
1183	0	1	100
1184	0	1	100
1185	0	1	100
1186	0	1	100
1187	0	1	100
1188	0	1	100
1189	0	1	100
1190	0	1	100
1191	0	1	100
1192	0	1	100
1193	0	1	100
1194	0	1	100
1195	0	1	100
1196	0	1	100
1197	0	1	100
1198	0	1	100
1199	0	1	100
1200	0	1	100
1201	0	1	100
1202	0	1	100
1203	0	1	100
1204	0	1	100
1205	0	1	100
1206	0	1	100
1207	0	1	100
1208	0	1	100
1209	0	1	100
1210	0	1	100
1211	0	1	100
1212	0	1	100
1213	0	1	100
1214	0	1	100
1215	0	1	100
1216	0	1	100
1217	0	1	100
1218	0	1	100
1219	0	1	100
1220	0	1	100
1221	0	1	100
1222	0	1	100
1223	0	1	100
1224	0	1	100
1225	0	1	100
1226	0	1	100
1227	0	1	100
1228	0	1	100
1229	0	1	100
1230	0	1	100
1231	0	1	100
1232	0	1	100
1233	0	1	100
1234	0	1	100
1235	0	1	100
1236	0	1	100
1237	0	1	100
1238	0	1	100
1239	0	1	100
1240	0	1	100
1241	0	1	100
1242	0	1	100
1243	0	1	100
1244	0	1	100
1245	0	1	100
1246	0	1	100
1247	0	1	100
1248	0	1	100
1249	0	1	100
1250	0	1	100
1251	0	1	100
1252	0	1	100
1253	0	1	100
1254	0	1	100
1255	0	1	100
1256	0	1	100
1257	0	1	100
1258	0	1	100
1259	0	1	100
1260	0	1	100
1261	0	1	100
1262	0	1	100
1263	0	1	100
1264	0	1	100
1265	0	1	100
1266	0	1	100
1267	0	1	100
1268	0	1	100
1269	0	1	100
1270	0	1	100
1271	0	1	100
1272	0	1	100
1273	0	1	100
1274	0	1	100
1275	0	1	100
1276	0	1	100
1277	0	1	100
1278	0	1	100
1279	0	1	100
1280	0	1	100
1281	0	1	100
1282	0	1	100
1283	0	1	100
1284	0	1	100
1285	0	1	100
1286	0	1	100
1287	0	1	100
1288	0	1	100
1289	0	1	100
1290	0	1	100
1291	0	1	100
1292	0	1	100
1293	0	1	100
1294	0	1	100
1295	0	1	100
1296	0	1	100
1297	0	1	100
1298	0	1	100
1299	0	1	100
1300	0	1	100
1301	0	1	100
1302	0	1	100
1303	0	1	100
1304	0	1	100
1305	0	1	100
1306	0	1	100
1307	0	1	100
1308	0	1	100
1309	0	1	100
1310	0	1	100
1311	0	1	100
1312	0	1	100
1313	0	1	100
1314	0	1	100
1315	0	1	100
1316	0	1	100
1317	0	1	100
1318	0	1	100
1319	0	1	100
1320	0	1	100
1321	0	1	100
1322	0	1	100
1323	0	1	100
1324	0	1	100
1325	0	1	100
1326	0	1	100
1327	0	1	100
1328	0	1	100
1329	0	1	100
1330	0	1	100
1331	0	1	100
1332	0	1	100
1333	0	1	100
1334	0	1	100
1335	0	1	100
1336	0	1	100
1337	0	1	100
1338	0	1	100
1339	0	1	100
1340	0	1	100
1341	0	1	100
1342	0	1	100
1343	0	1	100
1344	0	1	100
1345	0	1	100
1346	0	1	100
1347	0	1	100
1348	0	1	100
1349	0	1	100
1350	0	1	100
1351	0	1	100
1352	0	1	100
1353	0	1	100
1354	0	1	100
1355	0	1	100
1356	0	1	100
1357	0	1	100
1358	0	1	100
1359	0	1	100
1360	0	1	100
1361	0	1	100
1362	0	1	100
1363	0	1	100
1364	0	1	100
1365	0	1	100
1366	0	1	100
1367	0	1	100
1368	0	1	100
1369	0	1	100
1370	0	1	100
1371	0	1	100
1372	0	1	100
1373	0	1	100
1374	0	1	100
1375	0	1	100
1376	0	1	100
1377	0	1	100
1378	0	1	100
1379	0	1	100
1380	0	1	100
1381	0	1	100
1382	0	1	100
1383	0	1	100
1384	0	1	100
1385	0	1	100
1386	0	1	100
1387	0	1	100
1388	0	1	100
1389	0	1	100
1390	0	1	100
1391	0	1	100
1392	0	1	100
1393	0	1	100
1394	0	1	100
1395	0	1	100
1396	0	1	100
1397	0	1	100
1398	0	1	100
1399	0	1	100
1400	0	1	100
1401	0	1	100
1402	0	1	100
1403	0	1	100
1404	0	1	100
1405	0	1	100
1406	0	1	100
1407	0	1	100
1408	0	1	100
1409	0	1	100
1410	0	1	100
1411	0	1	100
1412	0	1	100
1413	0	1	100
1414	0	1	100
1415	0	1	100
1416	0	1	100
1417	0	1	100
1418	0	1	100
1419	0	1	100
1420	0	1	100
1421	0	1	100
1422	0	1	100
1423	0	1	100
1424	0	1	100
1425	0	1	100
1426	0	1	100
1427	0	1	100
1428	0	1	100
1429	0	1	100
1430	0	1	100
1431	0	1	100
1432	0	1	100
1433	0	1	100
1434	0	1	100
1435	0	1	100
1436	0	1	100
1437	0	1	100
1438	0	1	100
1439	0	1	100
1440	0	1	100
1441	0	1	100
1442	0	1	100
1443	0	1	100
1444	0	1	100
1445	0	1	100
1446	0	1	100
1447	0	1	100
1448	0	1	100
1449	0	1	100
1450	0	1	100
1451	0	1	100
1452	0	1	100
1453	0	1	100
1454	0	1	100
1455	0	1	100
1456	0	1	100
