1	0	80.0
2	90.0	100
3	0	80.0
4	0	80.0
5	0	80.0
6	0	80.0
7	0	80.0
8	0	80.0
9	0	80.0
10	0	80.0
11	0	80.0
12	0	80.0
13	0	80.0
14	0	80.0
16	0	80.0
17	0	80.0
18	0	80.0
19	0	80.0
20	0	80.0
21	0	90.0
22	0	80.0
23	90.0	100
24	0	80.0
25	90.0	100
26	0	80.0
27	0	80.0
28	0	80.0
29	0	80.0
30	0	80.0
33	0	80.0
34	0	80.0
35	0	80.0
37	0	80.0
38	0	85.0
39	0	80.0
40	0	80.0
42	80.0	85.0
43	90.0	100
44	0	80.0
45	0	80.0
46	0	80.0
47	0	80.0
48	90.0	100
50	90.0	100
51	0	80.0
52	0	80.0
53	80.0	85.0
54	80.0	85.0
55	0	80.0
57	90.0	100
58	0	80.0
59	80.0	85.0
60	0	80.0
61	0	80.0
62	0	80.0
63	90.0	100
64	0	80.0
65	0	80.0
66	90.0	100
67	0	80.0
68	0	80.0
69	0	80.0
70	0	85.0
71	90.0	100
72	80.0	85.0
73	0	80.0
74	0	80.0
76	0	80.0
77	85.0	90.0
78	0	80.0
79	80.0	85.0
80	0	80.0
81	0	80.0
83	0	85.0
86	90.0	100
87	0	80.0
89	85.0	90.0
90	0	80.0
91	0	80.0
92	0	80.0
93	0	80.0
95	90.0	100
96	0	80.0
97	85.0	90.0
98	0	80.0
99	0	80.0
100	0	80.0
101	90.0	100
102	90.0	100
103	0	80.0
104	0	80.0
105	0	80.0
106	0	85.0
107	0	85.0
108	85.0	90.0
109	0	58.8
110	90.0	100
111	0	85.0
112	85.0	90.0
113	0	85.0
114	0	90.0
115	90.0	100
116	0	90.0
117	0	90.0
118	0	85.0
119	90.0	100
120	0	85.0
121	0	85.0
122	0	85.0
123	90.0	100
124	0	58.8
125	0	85.0
126	0	85.0
127	0	90.0
128	0	85.0
129	0	85.0
130	0	85.0
131	0	85.0
133	0	85.0
134	0	58.8
135	0	80.0
136	85.0	90.0
139	85.0	100
140	85.0	90.0
142	85.0	90.0
143	85.0	100
144	0	58.8
145	80.0	85.0
147	80.0	85.0
148	85.0	100
149	80.0	85.0
150	80.0	85.0
151	80.0	85.0
152	90.0	100
153	90.0	100
154	58.8	85.0
156	85.0	100
158	0	58.8
160	85.0	100
163	85.0	100
164	58.8	85.0
165	85.0	100
167	0	58.8
168	0	58.8
169	85.0	100
170	0	58.8
171	58.8	85.0
172	0	58.8
173	0	58.8
174	58.8	85.0
176	0	58.8
177	0	58.8
178	0	85.0
179	0	58.8
180	58.8	85.0
183	0	85.0
184	0	85.0
185	0	85.0
186	0	85.0
187	0	85.0
188	0	85.0
189	0	85.0
190	85.0	100
191	0	85.0
192	85.0	100
193	0	100
194	0	100
195	0	100
196	0	100
197	0	100
198	0	100
199	0	85.0
200	0	100
201	0	100
202	0	85.0
203	0	100
204	85.0	100
205	0	100
206	0	100
207	85.0	100
208	0	85.0
209	0	85.0
210	85.0	100
211	0	85.0
212	0	85.0
213	0	85.0
214	0	85.0
215	0	100
216	0	85.0
217	85.0	100
218	0	85.0
219	0	85.0
220	0	58.8
221	85.0	100
222	0	85.0
223	0	85.0
224	0	85.0
225	0	85.0
226	0	100
227	0	100
229	85.0	100
230	0	100
231	0	58.8
232	0	85.0
233	0	85.0
234	0	85.0
235	0	85.0
236	58.8	85.0
237	0	58.8
238	58.8	85.0
239	58.8	85.0
240	0	58.8
241	0	58.8
242	0	58.8
243	0	58.8
244	0	85.0
245	0	85.0
246	0	85.0
247	0	85.0
248	0	85.0
249	0	85.0
250	85.0	100
251	0	85.0
252	0	85.0
253	85.0	100
254	85.0	100
255	0	85.0
256	0	85.0
257	0	85.0
259	0	85.0
260	0	85.0
261	0	85.0
262	0	85.0
263	85.0	100
264	0	85.0
265	0	85.0
266	0	85.0
267	85.0	100
268	0	85.0
269	0	85.0
270	0	85.0
271	0	85.0
272	0	85.0
273	0	85.0
274	0	85.0
275	0	85.0
276	0	85.0
277	0	85.0
278	0	85.0
279	0	85.0
280	0	85.0
281	0	85.0
282	0	100
283	85.0	100
284	0	85.0
285	85.0	100
286	0	85.0
287	0	100
288	0	100
289	0	100
290	0	100
291	0	100
292	0	100
293	0	100
294	0	100
295	0	100
296	0	100
297	0	100
298	0	100
299	0	100
300	0	100
301	0	100
302	0	100
303	0	100
304	0	100
305	0	100
306	0	100
307	0	100
308	0	100
309	0	100
310	0	100
311	0	100
312	0	100
313	0	100
314	0	100
315	0	100
316	0	100
317	0	100
318	0	100
319	0	100
320	0	100
321	0	100
322	0	100
323	0	100
324	0	100
325	0	100
326	0	100
327	0	100
328	0	100
329	0	100
330	0	100
331	0	100
332	0	100
333	0	100
334	0	100
335	0	100
336	0	100
337	0	100
338	0	100
339	0	100
340	0	100
341	0	100
342	0	100
343	0	100
344	0	100
345	0	100
346	0	100
347	0	100
348	0	100
349	0	100
350	0	100
351	0	100
352	0	100
353	0	85.0
354	0	85.0
355	0	100
356	0	100
357	0	100
358	0	100
359	0	80.0
360	0	100
361	0	100
362	0	100
363	0	100
364	0	100
365	0	100
366	0	100
367	0	100
368	0	100
369	0	100
370	0	100
371	0	100
372	0	100
373	0	100
374	0	100
375	0	100
376	0	100
377	0	100
378	0	100
379	0	100
380	0	85.0
381	0	85.0
382	0	85.0
383	0	85.0
384	0	100
385	0	100
386	0	100
387	0	100
388	0	100
389	0	100
390	0	100
391	0	100
392	0	100
393	0	100
394	0	100
395	0	100
396	0	100
397	0	100
398	0	100
399	0	100
400	0	100
401	58.8	100
402	58.8	100
403	0	100
404	0	100
405	0	100
406	0	100
407	0	100
408	0	100
409	0	100
410	0	100
411	0	100
412	0	100
413	0	100
414	0	100
415	0	100
416	0	100
417	0	100
418	0	100
419	0	100
420	0	100
421	0	100
422	0	100
423	0	100
424	0	100
425	0	100
426	0	100
427	0	100
428	0	100
429	0	100
430	0	100
431	0	100
432	0	100
433	0	100
434	0	100
435	0	100
436	0	100
437	0	100
438	0	100
439	0	100
440	0	100
441	0	100
442	0	100
443	0	100
444	0	100
445	0	100
446	0	100
447	0	100
448	0	100
449	0	100
450	0	100
451	0	100
452	0	100
453	0	100
454	0	100
455	0	100
456	0	100
457	0	100
458	0	100
459	0	100
460	0	100
461	0	100
462	0	100
463	0	100
464	0	100
465	0	100
466	0	100
467	0	100
468	0	100
469	0	100
470	0	100
471	0	100
472	0	100
473	0	100
474	0	100
475	0	100
476	0	100
477	0	100
478	0	100
479	0	100
480	0	100
481	0	100
482	0	100
483	0	100
484	0	100
485	0	100
486	0	100
487	0	100
488	0	100
489	0	100
490	0	100
491	0	100
492	0	100
493	0	100
494	0	100
495	0	100
496	0	100
497	0	100
498	0	100
499	0	100
500	0	100
501	0	100
502	0	100
503	0	100
504	0	100
505	0	100
506	0	100
507	0	100
508	0	100
509	0	100
510	0	100
511	0	100
512	0	100
513	0	100
514	0	100
515	0	100
516	0	100
517	0	100
518	0	100
519	0	100
520	0	100
521	0	100
522	0	100
523	0	100
524	0	100
525	0	100
526	0	100
527	0	100
528	0	100
529	0	100
530	0	100
531	0	100
532	0	100
533	0	100
534	0	100
535	0	100
536	0	100
537	0	100
538	0	100
539	0	100
540	0	100
541	0	100
542	0	100
543	0	100
544	0	100
545	0	100
546	0	100
547	0	100
548	0	100
549	0	100
550	0	100
551	0	100
552	0	100
553	0	100
554	0	100
555	0	100
556	0	100
557	0	100
558	0	100
559	0	100
560	0	100
561	0	100
562	0	100
563	0	100
564	0	100
565	0	100
566	0	100
567	0	100
568	0	100
569	0	100
570	0	100
571	0	100
572	0	100
573	0	100
574	0	100
575	0	100
576	0	100
577	0	100
578	0	100
579	0	100
580	0	100
581	0	100
582	0	100
583	0	100
584	0	100
585	0	100
586	0	100
587	0	100
588	0	100
589	0	100
590	0	100
591	0	100
592	0	100
593	0	100
594	0	100
595	0	100
596	0	100
597	0	100
598	0	100
599	0	100
600	0	100
601	0	100
602	0	100
603	0	100
604	0	100
605	0	100
606	0	100
607	0	100
608	0	100
609	0	100
610	0	100
611	0	100
612	0	100
613	0	100
614	0	100
615	0	100
616	0	100
617	0	100
618	0	100
619	0	100
620	0	100
621	0	100
622	0	100
623	0	100
624	0	100
625	0	100
626	0	100
627	0	100
628	0	100
629	0	100
630	0	100
631	0	100
632	0	100
633	0	100
634	0	100
635	0	100
636	0	100
637	0	100
638	0	100
639	0	100
640	0	100
641	0	100
642	0	100
643	0	100
644	0	100
645	0	100
646	0	100
647	0	100
648	0	100
649	0	100
650	0	100
651	0	100
652	0	100
653	0	100
654	0	100
655	0	100
656	0	100
657	0	100
658	0	100
659	0	100
660	0	100
661	0	100
662	0	100
663	0	100
664	0	100
665	0	100
666	0	100
667	0	100
668	0	100
669	0	100
670	0	100
671	0	100
672	0	100
673	0	100
674	0	100
675	0	100
676	0	100
677	0	100
678	0	100
679	0	100
680	0	100
681	0	100
682	0	100
683	0	100
684	0	100
685	0	100
686	0	100
687	0	100
688	0	100
689	0	100
690	0	100
691	0	100
692	0	100
693	0	100
694	0	100
695	0	100
696	0	100
697	0	100
698	0	100
699	0	100
700	0	100
701	0	100
702	0	100
703	0	100
704	0	100
705	0	100
706	0	100
707	0	100
708	0	100
709	0	100
710	0	100
711	0	100
712	0	100
713	0	100
714	0	100
715	0	100
716	0	100
717	0	100
718	0	100
719	0	100
720	0	100
721	0	100
722	0	100
723	0	100
724	0	100
725	0	100
726	0	100
727	0	100
728	0	100
729	0	100
730	0	100
731	0	100
732	0	100
733	0	100
734	0	100
735	0	100
736	0	100
737	0	100
738	0	100
739	0	100
740	0	100
741	0	100
742	0	100
743	0	100
744	0	100
745	0	100
746	0	100
747	0	100
748	0	100
749	0	100
750	0	100
751	0	100
752	0	100
753	0	100
754	0	100
755	0	100
756	0	100
757	0	100
758	0	100
759	0	100
760	0	100
761	0	100
762	0	100
763	0	100
764	0	100
765	0	100
766	0	100
767	0	100
768	0	100
769	0	100
770	0	100
771	0	100
772	0	100
773	0	100
774	0	100
775	0	100
776	0	100
777	0	100
778	0	100
779	0	100
780	0	100
781	0	100
782	0	100
783	0	100
784	0	100
785	0	100
786	0	100
787	0	100
788	0	100
789	0	100
790	0	100
791	0	100
792	0	100
793	0	100
794	0	100
795	0	100
796	0	100
797	0	100
798	0	100
799	0	100
800	0	100
801	0	100
802	0	100
803	0	100
804	0	100
805	0	100
806	0	100
807	0	100
808	0	100
809	0	100
810	0	100
811	0	100
812	0	100
813	0	100
814	0	100
815	0	100
816	0	100
817	0	100
818	0	100
819	0	100
820	0	100
821	0	100
822	0	100
823	0	100
824	0	100
825	0	100
826	0	100
827	0	100
828	0	100
829	0	100
830	0	100
831	0	100
832	0	100
833	0	100
834	0	100
835	0	100
836	0	100
837	0	100
838	0	100
839	0	100
840	0	100
841	0	100
842	0	100
843	0	100
844	0	100
845	0	100
846	0	100
847	0	100
848	0	100
849	0	100
850	0	100
851	0	100
852	0	100
853	0	100
854	0	100
855	0	100
856	0	100
857	0	100
858	0	100
859	0	100
860	0	100
861	0	100
862	0	100
863	0	100
864	0	100
865	0	100
866	0	100
867	0	100
868	0	100
869	0	100
870	0	100
871	0	100
872	0	100
873	0	100
874	0	100
875	0	100
876	0	100
877	0	100
878	0	100
879	0	100
880	0	100
881	0	100
882	0	100
883	0	100
884	0	100
885	0	100
886	0	100
887	0	100
888	0	100
889	0	100
890	0	100
891	0	100
892	0	100
893	0	100
894	0	100
895	0	100
896	0	100
897	0	100
898	0	100
899	0	100
900	0	100
901	0	100
902	0	100
903	0	100
904	0	100
905	0	100
906	0	100
907	0	100
908	0	100
909	0	100
910	0	100
911	0	100
912	0	100
913	0	100
914	0	100
915	0	100
916	0	100
917	0	100
918	0	100
919	0	100
920	0	100
921	0	100
922	0	100
923	0	100
924	0	100
925	0	100
926	0	100
927	0	100
928	0	100
929	0	100
930	0	100
931	0	100
932	0	100
933	0	100
934	0	100
935	0	100
936	0	100
937	0	100
938	0	100
939	0	100
940	0	100
941	0	100
942	0	100
943	0	100
944	0	100
945	0	100
946	0	100
947	0	100
948	0	100
949	0	100
950	0	100
951	0	100
952	0	100
953	0	100
954	0	100
955	0	100
956	0	100
957	0	100
958	0	100
959	0	100
960	0	100
961	0	100
962	0	100
963	0	100
964	0	100
965	0	100
966	0	100
967	0	100
968	0	100
969	0	100
970	0	100
971	0	100
972	0	100
973	0	100
974	0	58.8
975	0	100
976	0	100
977	0	100
978	0	100
979	0	100
980	0	100
981	0	100
982	58.8	100
983	0	100
984	58.8	100
985	0	100
986	0	100
987	0	100
988	0	100
989	0	100
990	0	100
991	0	100
992	0	100
993	0	100
994	0	100
995	0	100
996	0	100
997	0	100
998	0	100
999	0	100
1000	0	100
1001	0	58.8
1002	0	100
1003	0	100
1004	0	100
1005	0	90.0
1006	0	90.0
1007	0	90.0
1008	0	90.0
1009	0	90.0
1010	0	100
1011	0	90.0
1012	0	90.0
1013	0	90.0
1014	0	90.0
1015	0	90.0
1016	0	100
1017	0	100
1018	58.8	100
1019	0	100
1020	0	100
1021	0	100
1022	0	100
1023	0	58.8
1024	0	100
1025	58.8	100
1026	0	100
1027	0	100
1028	58.8	100
1029	0	100
1030	0	100
1031	0	100
1032	0	100
1033	0	100
1034	0	100
1035	0	100
1036	0	100
1037	0	100
1038	0	100
1039	0	100
1040	0	100
1041	0	100
1042	0	100
1043	0	100
1044	0	100
1045	58.8	100
1046	58.8	100
1047	0	100
1048	0	100
1049	0	100
1050	58.8	100
1051	0	100
1052	58.8	100
1053	0	58.8
1054	0	100
1055	0	100
1056	0	100
1057	0	100
1058	0	100
1059	0	100
1060	0	100
1061	0	100
1062	0	100
1063	0	100
1064	0	100
